#Res        AtomicFlx
   1.000       1.4092
   2.000       0.8892
   3.000       0.7150
   4.000       0.5852
   5.000       0.4761
   6.000       0.4476
   7.000       0.4277
   8.000       0.5781
   9.000       0.7745
  10.000       0.7949
  11.000       0.8012
  12.000       0.5890
  13.000       0.5562
  14.000       0.6583
  15.000       0.7317
  16.000       0.6027
  17.000       0.7202
  18.000       0.6824
  19.000       0.5773
  20.000       0.7999
  21.000       1.0131
  22.000       0.7728
  23.000       0.7075
  24.000       0.5092
  25.000       0.4357
  26.000       0.4368
  27.000       0.3973
  28.000       0.4184
  29.000       0.4075
  30.000       0.3882
  31.000       0.4127
  32.000       0.4547
  33.000       0.3588
  34.000       0.3640
  35.000       0.4401
  36.000       0.4830
  37.000       0.4467
  38.000       0.4501
  39.000       0.5513
  40.000       0.6192
  41.000       0.6777
  42.000       0.7555
  43.000       0.8473
  44.000       1.2736
  45.000       1.2434
  46.000       0.9369
  47.000       0.7352
  48.000       0.4735
  49.000       0.4549
  50.000       0.4360
  51.000       0.4287
  52.000       0.4597
  53.000       0.4356
  54.000       0.4771
  55.000       0.5283
  56.000       0.6485
  57.000       0.8785
  58.000       1.3832
  59.000       1.6655
  60.000       1.8416
  61.000       2.2214
  62.000       1.3061
  63.000       0.6875
  64.000       1.0323
  65.000       0.9867
  66.000       0.8506
  67.000       0.6328
  68.000       0.4509
  69.000       0.5774
  70.000       0.5997
  71.000       0.5070
  72.000       0.4363
  73.000       0.5111
  74.000       0.5303
  75.000       0.4605
  76.000       0.5842
  77.000       0.7356
  78.000       0.7361
  79.000       0.6603
  80.000       0.7058
  81.000       0.5212
  82.000       0.4579
  83.000       0.3987
  84.000       0.4193
  85.000       0.5351
  86.000       0.6807
  87.000       0.8284
  88.000       0.6862
  89.000       0.5870
  90.000       0.7015
  91.000       0.5987
  92.000       0.7179
  93.000       0.6430
  94.000       1.4421
  95.000       2.2940
  96.000       2.5651
  97.000       2.0783
  98.000       1.3158
  99.000       1.1312
 100.000       0.9919
 101.000       0.7617
 102.000       0.8706
 103.000       1.1589
 104.000       1.3809
 105.000       1.2691
 106.000       0.6987
 107.000       0.5841
 108.000       0.4796
 109.000       0.5189
 110.000       0.4600
 111.000       0.4688
 112.000       0.4889
 113.000       0.7488
 114.000       0.6238
 115.000       0.4732
 116.000       0.4929
 117.000       0.5337
 118.000       0.4991
 119.000       0.6074
 120.000       0.5820
 121.000       0.5245
 122.000       0.4509
 123.000       0.5583
 124.000       0.5256
 125.000       0.4196
 126.000       0.4503
 127.000       0.5076
 128.000       0.4400
 129.000       0.4303
 130.000       0.4833
 131.000       0.6014
 132.000       0.4612
 133.000       0.4831
 134.000       0.3550
 135.000       0.3617
 136.000       0.3475
 137.000       0.3543
 138.000       0.3759
 139.000       0.3495
 140.000       0.3883
 141.000       0.5039
 142.000       0.5910
 143.000       0.6686
 144.000       0.5734
 145.000       0.9772
 146.000       1.3136
 147.000       0.7370
 148.000       0.7642
 149.000       0.6323
 150.000       0.6207
 151.000       0.4926
 152.000       0.5201
 153.000       0.5889
 154.000       0.6051
 155.000       0.5021
 156.000       0.6564
 157.000       0.6048
 158.000       0.6904
 159.000       0.6693
 160.000       0.4854
 161.000       0.5161
 162.000       0.3731
 163.000       0.4011
 164.000       0.3326
 165.000       0.3636
 166.000       0.3351
 167.000       0.3756
 168.000       0.3772
 169.000       0.3864
 170.000       0.4866
 171.000       0.6362
 172.000       0.8628
 173.000       0.8529
 174.000       1.1504
 175.000       0.7739
 176.000       0.5151
 177.000       0.3774
 178.000       0.3166
 179.000       0.3324
 180.000       0.3344
 181.000       0.3666
 182.000       0.4078
 183.000       0.4514
 184.000       0.6496
 185.000       1.0852
 186.000       0.9139
 187.000       0.9406
 188.000       0.6755
 189.000       0.5278
 190.000       0.5091
 191.000       0.6366
 192.000       0.5309
 193.000       0.4108
 194.000       0.3838
 195.000       0.3816
 196.000       0.3972
 197.000       0.3747
 198.000       0.4053
 199.000       0.5314
 200.000       0.5475
 201.000       0.4886
 202.000       0.3958
 203.000       0.3992
 204.000       0.4365
 205.000       0.4456
 206.000       0.5121
 207.000       0.4937
 208.000       0.4437
 209.000       0.4166
 210.000       0.3830
 211.000       0.3706
 212.000       0.4177
 213.000       0.5725
 214.000       0.7294
 215.000       1.7822
