#Res        AtomicFlx
   1.000       1.4818
   2.000       0.9207
   3.000       0.7073
   4.000       0.5783
   5.000       0.4959
   6.000       0.4620
   7.000       0.4643
   8.000       0.5957
   9.000       0.7687
  10.000       0.8279
  11.000       0.8037
  12.000       0.5731
  13.000       0.6211
  14.000       0.6038
  15.000       0.6415
  16.000       0.5177
  17.000       0.6305
  18.000       0.6312
  19.000       0.4997
  20.000       0.5616
  21.000       0.8744
  22.000       0.5845
  23.000       0.6292
  24.000       0.5411
  25.000       0.4642
  26.000       0.4787
  27.000       0.4269
  28.000       0.4343
  29.000       0.4596
  30.000       0.4184
  31.000       0.4578
  32.000       0.4875
  33.000       0.3817
  34.000       0.3737
  35.000       0.4655
  36.000       0.5492
  37.000       0.5163
  38.000       0.4973
  39.000       0.5551
  40.000       0.6573
  41.000       0.7347
  42.000       0.7950
  43.000       0.8170
  44.000       1.1443
  45.000       1.0923
  46.000       0.8182
  47.000       0.6959
  48.000       0.4477
  49.000       0.4255
  50.000       0.4399
  51.000       0.4199
  52.000       0.4748
  53.000       0.4921
  54.000       0.5303
  55.000       0.5588
  56.000       0.8810
  57.000       1.4240
  58.000       1.6586
  59.000       2.3036
  60.000       2.9360
  61.000       2.1126
  62.000       1.3475
  63.000       0.7566
  64.000       1.1497
  65.000       1.4074
  66.000       0.9688
  67.000       0.8116
  68.000       0.5614
  69.000       0.6850
  70.000       0.7119
  71.000       0.5847
  72.000       0.4715
  73.000       0.5613
  74.000       0.5853
  75.000       0.4731
  76.000       0.5865
  77.000       0.7407
  78.000       0.7507
  79.000       0.6652
  80.000       0.7003
  81.000       0.5184
  82.000       0.4599
  83.000       0.3965
  84.000       0.4096
  85.000       0.5225
  86.000       0.6425
  87.000       0.7881
  88.000       0.6586
  89.000       0.5447
  90.000       0.6390
  91.000       0.5244
  92.000       0.6270
  93.000       0.5422
  94.000       0.7443
  95.000       1.6035
  96.000       2.5462
  97.000       1.8160
  98.000       1.2781
  99.000       1.1528
 100.000       0.9717
 101.000       0.9052
 102.000       1.2697
 103.000       1.6819
 104.000       1.7969
 105.000       1.5588
 106.000       0.7509
 107.000       0.5921
 108.000       0.4875
 109.000       0.5314
 110.000       0.4670
 111.000       0.4755
 112.000       0.4768
 113.000       0.7096
 114.000       0.5988
 115.000       0.4768
 116.000       0.5271
 117.000       0.5881
 118.000       0.5474
 119.000       0.6742
 120.000       0.6446
 121.000       0.5573
 122.000       0.4711
 123.000       0.5743
 124.000       0.5428
 125.000       0.4272
 126.000       0.4571
 127.000       0.5187
 128.000       0.4576
 129.000       0.4376
 130.000       0.5093
 131.000       0.6226
 132.000       0.4977
 133.000       0.5312
 134.000       0.3796
 135.000       0.4065
 136.000       0.3885
 137.000       0.3937
 138.000       0.4337
 139.000       0.4010
 140.000       0.4365
 141.000       0.5429
 142.000       0.6367
 143.000       0.7081
 144.000       0.6091
 145.000       1.0420
 146.000       1.3311
 147.000       0.7590
 148.000       0.8067
 149.000       0.6537
 150.000       0.6344
 151.000       0.5048
 152.000       0.5246
 153.000       0.5831
 154.000       0.6279
 155.000       0.5260
 156.000       0.5963
 157.000       0.6312
 158.000       0.7343
 159.000       0.6773
 160.000       0.5976
 161.000       0.6895
 162.000       0.4176
 163.000       0.4490
 164.000       0.3669
 165.000       0.3922
 166.000       0.3584
 167.000       0.3822
 168.000       0.3887
 169.000       0.3879
 170.000       0.4830
 171.000       0.6148
 172.000       0.8308
 173.000       0.8435
 174.000       1.1472
 175.000       0.7935
 176.000       0.5247
 177.000       0.3799
 178.000       0.3182
 179.000       0.3410
 180.000       0.3390
 181.000       0.3606
 182.000       0.3872
 183.000       0.4244
 184.000       0.5037
 185.000       0.6770
 186.000       0.7754
 187.000       0.9027
 188.000       0.6754
 189.000       0.5516
 190.000       0.5267
 191.000       0.6937
 192.000       0.5099
 193.000       0.3990
 194.000       0.3837
 195.000       0.3770
 196.000       0.4105
 197.000       0.3914
 198.000       0.4148
 199.000       0.5528
 200.000       0.5536
 201.000       0.4815
 202.000       0.4266
 203.000       0.4290
 204.000       0.4588
 205.000       0.4632
 206.000       0.5521
 207.000       0.5511
 208.000       0.5299
 209.000       0.4491
 210.000       0.4279
 211.000       0.3778
 212.000       0.4058
 213.000       0.5534
 214.000       0.7155
 215.000       1.6246
