#Res        AtomicFlx
   1.000       1.3302
   2.000       0.8308
   3.000       0.6797
   4.000       0.5616
   5.000       0.4672
   6.000       0.4353
   7.000       0.4194
   8.000       0.5324
   9.000       0.7019
  10.000       0.7353
  11.000       0.7307
  12.000       0.5363
  13.000       0.5005
  14.000       0.4857
  15.000       0.5493
  16.000       0.4739
  17.000       0.5124
  18.000       0.5736
  19.000       0.5658
  20.000       0.6446
  21.000       0.7788
  22.000       0.6573
  23.000       0.6608
  24.000       0.6486
  25.000       0.4823
  26.000       0.4741
  27.000       0.4120
  28.000       0.4094
  29.000       0.4277
  30.000       0.3711
  31.000       0.3740
  32.000       0.4101
  33.000       0.3308
  34.000       0.3369
  35.000       0.3715
  36.000       0.4090
  37.000       0.4024
  38.000       0.4202
  39.000       0.4884
  40.000       0.5360
  41.000       0.6162
  42.000       0.7033
  43.000       0.7574
  44.000       0.9713
  45.000       0.8616
  46.000       0.7066
  47.000       0.5834
  48.000       0.4228
  49.000       0.4366
  50.000       0.4726
  51.000       0.4550
  52.000       0.7812
  53.000       0.6229
  54.000       0.6748
  55.000       0.6761
  56.000       0.9210
  57.000       1.4245
  58.000       1.8999
  59.000       2.0836
  60.000       2.3485
  61.000       2.5822
  62.000       2.8485
  63.000       1.1795
  64.000       1.2290
  65.000       1.5402
  66.000       1.0525
  67.000       0.7592
  68.000       0.5271
  69.000       0.6525
  70.000       0.6556
  71.000       0.5336
  72.000       0.4564
  73.000       0.5380
  74.000       0.5571
  75.000       0.4712
  76.000       0.5835
  77.000       0.7501
  78.000       0.7391
  79.000       0.6577
  80.000       0.7011
  81.000       0.5198
  82.000       0.4648
  83.000       0.3914
  84.000       0.4196
  85.000       0.5031
  86.000       0.5890
  87.000       0.7580
  88.000       0.6707
  89.000       0.5894
  90.000       0.6363
  91.000       0.5675
  92.000       0.6772
  93.000       0.6469
  94.000       0.8438
  95.000       1.2151
  96.000       1.7291
  97.000       1.3509
  98.000       1.0885
  99.000       0.9965
 100.000       0.9931
 101.000       0.9550
 102.000       1.3539
 103.000       2.0397
 104.000       1.8447
 105.000       1.5489
 106.000       0.7238
 107.000       0.6085
 108.000       0.4977
 109.000       0.5193
 110.000       0.4454
 111.000       0.4597
 112.000       0.4670
 113.000       0.7089
 114.000       0.6140
 115.000       0.4558
 116.000       0.5042
 117.000       0.5464
 118.000       0.5310
 119.000       0.6597
 120.000       0.6441
 121.000       0.5559
 122.000       0.4716
 123.000       0.5723
 124.000       0.5506
 125.000       0.4332
 126.000       0.4486
 127.000       0.5066
 128.000       0.4510
 129.000       0.4279
 130.000       0.4823
 131.000       0.6129
 132.000       0.4694
 133.000       0.4937
 134.000       0.3595
 135.000       0.3943
 136.000       0.3702
 137.000       0.4104
 138.000       0.4557
 139.000       0.4119
 140.000       0.4616
 141.000       0.5328
 142.000       0.7135
 143.000       0.8088
 144.000       0.6553
 145.000       1.0939
 146.000       1.3345
 147.000       0.7497
 148.000       0.7715
 149.000       0.6315
 150.000       0.6256
 151.000       0.4912
 152.000       0.5166
 153.000       0.5977
 154.000       0.6453
 155.000       0.5295
 156.000       0.7474
 157.000       0.8746
 158.000       0.8715
 159.000       0.7200
 160.000       0.5987
 161.000       0.6850
 162.000       0.4437
 163.000       0.4617
 164.000       0.3756
 165.000       0.3848
 166.000       0.3506
 167.000       0.3635
 168.000       0.3728
 169.000       0.3807
 170.000       0.4732
 171.000       0.6107
 172.000       0.8294
 173.000       0.8437
 174.000       1.1341
 175.000       0.7663
 176.000       0.5108
 177.000       0.3745
 178.000       0.3167
 179.000       0.3268
 180.000       0.3225
 181.000       0.3413
 182.000       0.3849
 183.000       0.4971
 184.000       0.5362
 185.000       0.6161
 186.000       0.6776
 187.000       0.7811
 188.000       0.6242
 189.000       0.5207
 190.000       0.5039
 191.000       0.6237
 192.000       0.4767
 193.000       0.3835
 194.000       0.3621
 195.000       0.3651
 196.000       0.3998
 197.000       0.3865
 198.000       0.4080
 199.000       0.5307
 200.000       0.5306
 201.000       0.4983
 202.000       0.4496
 203.000       0.4347
 204.000       0.4613
 205.000       0.5126
 206.000       0.6053
 207.000       0.5527
 208.000       0.5437
 209.000       0.4582
 210.000       0.4187
 211.000       0.3732
 212.000       0.3973
 213.000       0.5207
 214.000       0.6957
 215.000       1.8248
