#Res        AtomicFlx
   1.000       1.7344
   2.000       1.0607
   3.000       0.6772
   4.000       0.5545
   5.000       0.4595
   6.000       0.4430
   7.000       0.4159
   8.000       0.5282
   9.000       0.6927
  10.000       0.7052
  11.000       0.7288
  12.000       0.5542
  13.000       0.5483
  14.000       0.6665
  15.000       0.7414
  16.000       0.5925
  17.000       0.6883
  18.000       0.5652
  19.000       0.4613
  20.000       0.5383
  21.000       0.7316
  22.000       0.5819
  23.000       0.5977
  24.000       0.4775
  25.000       0.4034
  26.000       0.4195
  27.000       0.3898
  28.000       0.3894
  29.000       0.3800
  30.000       0.3717
  31.000       0.3917
  32.000       0.4239
  33.000       0.3362
  34.000       0.3444
  35.000       0.3897
  36.000       0.4229
  37.000       0.4092
  38.000       0.4191
  39.000       0.4922
  40.000       0.5336
  41.000       0.6171
  42.000       0.6993
  43.000       0.8159
  44.000       1.0963
  45.000       1.0175
  46.000       0.8163
  47.000       0.6012
  48.000       0.4128
  49.000       0.4001
  50.000       0.4244
  51.000       0.3987
  52.000       0.4505
  53.000       0.4805
  54.000       0.4849
  55.000       0.5419
  56.000       0.7527
  57.000       1.1866
  58.000       1.6832
  59.000       2.1190
  60.000       2.0869
  61.000       1.9757
  62.000       1.6864
  63.000       0.7257
  64.000       1.0007
  65.000       1.4683
  66.000       0.9492
  67.000       0.7734
  68.000       0.4876
  69.000       0.5674
  70.000       0.6012
  71.000       0.5225
  72.000       0.4452
  73.000       0.5179
  74.000       0.5223
  75.000       0.4429
  76.000       0.5583
  77.000       0.6923
  78.000       0.6773
  79.000       0.6258
  80.000       0.6836
  81.000       0.5008
  82.000       0.4535
  83.000       0.3831
  84.000       0.4082
  85.000       0.4839
  86.000       0.5621
  87.000       0.7298
  88.000       0.6040
  89.000       0.5284
  90.000       0.5996
  91.000       0.4953
  92.000       0.6083
  93.000       0.5488
  94.000       0.7279
  95.000       1.1968
  96.000       1.6359
  97.000       1.1632
  98.000       0.9304
  99.000       0.9139
 100.000       0.8878
 101.000       0.8262
 102.000       1.1202
 103.000       1.8572
 104.000       1.7514
 105.000       1.3804
 106.000       0.6909
 107.000       0.5982
 108.000       0.4986
 109.000       0.5159
 110.000       0.4450
 111.000       0.4515
 112.000       0.4520
 113.000       0.6630
 114.000       0.5717
 115.000       0.4462
 116.000       0.5114
 117.000       0.5350
 118.000       0.5121
 119.000       0.6045
 120.000       0.5643
 121.000       0.5007
 122.000       0.4472
 123.000       0.5350
 124.000       0.5061
 125.000       0.4114
 126.000       0.4334
 127.000       0.4844
 128.000       0.4371
 129.000       0.4261
 130.000       0.4790
 131.000       0.6294
 132.000       0.4611
 133.000       0.4783
 134.000       0.3489
 135.000       0.3734
 136.000       0.3395
 137.000       0.3547
 138.000       0.3781
 139.000       0.3481
 140.000       0.3788
 141.000       0.5099
 142.000       0.6056
 143.000       0.6140
 144.000       0.5292
 145.000       0.8876
 146.000       1.2594
 147.000       0.7114
 148.000       0.7668
 149.000       0.6373
 150.000       0.6080
 151.000       0.4749
 152.000       0.4887
 153.000       0.5496
 154.000       0.6141
 155.000       0.4828
 156.000       0.5265
 157.000       0.5418
 158.000       0.6227
 159.000       0.5948
 160.000       0.4881
 161.000       0.5123
 162.000       0.3753
 163.000       0.4028
 164.000       0.3238
 165.000       0.3592
 166.000       0.3356
 167.000       0.3602
 168.000       0.3645
 169.000       0.3684
 170.000       0.4503
 171.000       0.5829
 172.000       0.7906
 173.000       0.8056
 174.000       1.1100
 175.000       0.7426
 176.000       0.4920
 177.000       0.3592
 178.000       0.3046
 179.000       0.3238
 180.000       0.3283
 181.000       0.3551
 182.000       0.3837
 183.000       0.3960
 184.000       0.5471
 185.000       0.7117
 186.000       0.8469
 187.000       0.8592
 188.000       0.5983
 189.000       0.4930
 190.000       0.4896
 191.000       0.6200
 192.000       0.5409
 193.000       0.4016
 194.000       0.3639
 195.000       0.3521
 196.000       0.3741
 197.000       0.3681
 198.000       0.3919
 199.000       0.5311
 200.000       0.5266
 201.000       0.4732
 202.000       0.3983
 203.000       0.3740
 204.000       0.4030
 205.000       0.4009
 206.000       0.4792
 207.000       0.4506
 208.000       0.4230
 209.000       0.4120
 210.000       0.3857
 211.000       0.3612
 212.000       0.3911
 213.000       0.5085
 214.000       0.6653
 215.000       1.6055
