#Res        AtomicFlx
   1.000       3.7869
   2.000       2.5107
   3.000       0.8708
   4.000       0.6218
   5.000       0.4782
   6.000       0.4399
   7.000       0.4206
   8.000       0.5354
   9.000       0.7103
  10.000       0.7379
  11.000       0.7510
  12.000       0.5699
  13.000       0.5288
  14.000       0.5855
  15.000       0.6767
  16.000       0.5740
  17.000       0.6443
  18.000       0.6264
  19.000       0.5108
  20.000       0.6045
  21.000       0.8432
  22.000       0.5791
  23.000       0.7300
  24.000       0.4805
  25.000       0.4418
  26.000       0.4425
  27.000       0.3936
  28.000       0.4162
  29.000       0.4360
  30.000       0.3788
  31.000       0.3781
  32.000       0.4255
  33.000       0.3416
  34.000       0.3495
  35.000       0.4061
  36.000       0.4301
  37.000       0.4091
  38.000       0.4250
  39.000       0.5030
  40.000       0.5468
  41.000       0.6282
  42.000       0.7264
  43.000       0.8282
  44.000       1.1376
  45.000       1.0806
  46.000       0.8511
  47.000       0.6770
  48.000       0.4441
  49.000       0.4185
  50.000       0.4156
  51.000       0.4118
  52.000       0.4106
  53.000       0.4177
  54.000       0.4665
  55.000       0.4872
  56.000       0.6655
  57.000       0.9558
  58.000       1.3234
  59.000       1.6710
  60.000       1.9153
  61.000       1.4129
  62.000       1.1962
  63.000       0.7982
  64.000       1.1231
  65.000       1.3708
  66.000       0.8862
  67.000       0.8468
  68.000       0.5170
  69.000       0.6704
  70.000       0.6943
  71.000       0.5396
  72.000       0.4520
  73.000       0.5431
  74.000       0.5469
  75.000       0.4535
  76.000       0.5757
  77.000       0.7210
  78.000       0.7186
  79.000       0.6362
  80.000       0.6801
  81.000       0.5028
  82.000       0.4385
  83.000       0.3676
  84.000       0.4116
  85.000       0.5321
  86.000       0.6482
  87.000       0.8291
  88.000       0.6894
  89.000       0.6058
  90.000       0.6750
  91.000       0.5162
  92.000       0.6238
  93.000       0.5633
  94.000       0.7622
  95.000       1.6591
  96.000       2.6186
  97.000       1.7552
  98.000       0.9265
  99.000       0.9601
 100.000       0.9230
 101.000       0.7774
 102.000       0.9355
 103.000       1.2089
 104.000       1.3209
 105.000       1.1877
 106.000       0.6709
 107.000       0.5716
 108.000       0.4763
 109.000       0.5203
 110.000       0.4476
 111.000       0.4514
 112.000       0.4798
 113.000       0.7441
 114.000       0.6403
 115.000       0.4750
 116.000       0.5031
 117.000       0.5497
 118.000       0.5100
 119.000       0.6345
 120.000       0.5989
 121.000       0.5357
 122.000       0.4586
 123.000       0.5597
 124.000       0.5275
 125.000       0.4189
 126.000       0.4465
 127.000       0.5012
 128.000       0.4398
 129.000       0.4273
 130.000       0.4857
 131.000       0.6191
 132.000       0.4748
 133.000       0.4905
 134.000       0.3530
 135.000       0.3693
 136.000       0.3565
 137.000       0.3653
 138.000       0.3969
 139.000       0.3651
 140.000       0.3943
 141.000       0.5102
 142.000       0.5866
 143.000       0.5983
 144.000       0.5844
 145.000       0.9858
 146.000       1.3657
 147.000       0.7712
 148.000       0.7987
 149.000       0.6436
 150.000       0.6337
 151.000       0.4997
 152.000       0.5445
 153.000       0.7057
 154.000       0.6529
 155.000       0.5098
 156.000       0.5642
 157.000       0.5481
 158.000       0.6351
 159.000       0.5973
 160.000       0.5019
 161.000       0.5646
 162.000       0.3817
 163.000       0.4003
 164.000       0.3301
 165.000       0.3646
 166.000       0.3394
 167.000       0.3676
 168.000       0.3739
 169.000       0.3926
 170.000       0.5020
 171.000       0.6255
 172.000       0.8586
 173.000       0.8630
 174.000       1.1437
 175.000       0.7771
 176.000       0.5186
 177.000       0.3834
 178.000       0.3169
 179.000       0.3249
 180.000       0.3279
 181.000       0.3467
 182.000       0.3769
 183.000       0.4155
 184.000       0.7289
 185.000       0.9951
 186.000       0.8715
 187.000       0.8463
 188.000       0.6821
 189.000       0.5361
 190.000       0.5103
 191.000       0.6726
 192.000       0.4956
 193.000       0.3961
 194.000       0.3758
 195.000       0.3823
 196.000       0.4292
 197.000       0.3918
 198.000       0.4002
 199.000       0.5375
 200.000       0.5711
 201.000       0.4801
 202.000       0.4124
 203.000       0.3944
 204.000       0.4254
 205.000       0.4376
 206.000       0.5186
 207.000       0.5091
 208.000       0.4670
 209.000       0.4216
 210.000       0.3897
 211.000       0.3715
 212.000       0.4060
 213.000       0.5557
 214.000       0.7032
 215.000       1.8217
