#Res        AtomicFlx
   1.000       1.6562
   2.000       0.9823
   3.000       0.6989
   4.000       0.5718
   5.000       0.4659
   6.000       0.4347
   7.000       0.4166
   8.000       0.5238
   9.000       0.7050
  10.000       0.7288
  11.000       0.7280
  12.000       0.5351
  13.000       0.5162
  14.000       0.5014
  15.000       0.5675
  16.000       0.4730
  17.000       0.4960
  18.000       0.5521
  19.000       0.5101
  20.000       0.5966
  21.000       0.8282
  22.000       0.6424
  23.000       0.7340
  24.000       0.6496
  25.000       0.4738
  26.000       0.4667
  27.000       0.4055
  28.000       0.4171
  29.000       0.4295
  30.000       0.3786
  31.000       0.3794
  32.000       0.4253
  33.000       0.3439
  34.000       0.3457
  35.000       0.3812
  36.000       0.4193
  37.000       0.4070
  38.000       0.4187
  39.000       0.4958
  40.000       0.5406
  41.000       0.6100
  42.000       0.6954
  43.000       0.7726
  44.000       1.0737
  45.000       1.0200
  46.000       0.8028
  47.000       0.6190
  48.000       0.4163
  49.000       0.4032
  50.000       0.3976
  51.000       0.3888
  52.000       0.4689
  53.000       0.4681
  54.000       0.5194
  55.000       0.5612
  56.000       0.7910
  57.000       1.2416
  58.000       1.4765
  59.000       2.0599
  60.000       2.2259
  61.000       2.5616
  62.000       1.9620
  63.000       0.9442
  64.000       1.3153
  65.000       1.4675
  66.000       0.9346
  67.000       0.8131
  68.000       0.5087
  69.000       0.6120
  70.000       0.6406
  71.000       0.5412
  72.000       0.4525
  73.000       0.5254
  74.000       0.5582
  75.000       0.4687
  76.000       0.5670
  77.000       0.7168
  78.000       0.7222
  79.000       0.6703
  80.000       0.7109
  81.000       0.5126
  82.000       0.4592
  83.000       0.3780
  84.000       0.3973
  85.000       0.4937
  86.000       0.6021
  87.000       0.7449
  88.000       0.6200
  89.000       0.5176
  90.000       0.6048
  91.000       0.5102
  92.000       0.6087
  93.000       0.5475
  94.000       0.8302
  95.000       1.4391
  96.000       2.0884
  97.000       1.3639
  98.000       0.9974
  99.000       0.9704
 100.000       0.9187
 101.000       0.8233
 102.000       1.0359
 103.000       1.4344
 104.000       1.6237
 105.000       1.3712
 106.000       0.7087
 107.000       0.5919
 108.000       0.4984
 109.000       0.5190
 110.000       0.4432
 111.000       0.4548
 112.000       0.4624
 113.000       0.6928
 114.000       0.5920
 115.000       0.4517
 116.000       0.4927
 117.000       0.5573
 118.000       0.5170
 119.000       0.6366
 120.000       0.6201
 121.000       0.5346
 122.000       0.4629
 123.000       0.5539
 124.000       0.5251
 125.000       0.4256
 126.000       0.4484
 127.000       0.4985
 128.000       0.4408
 129.000       0.4296
 130.000       0.4858
 131.000       0.6189
 132.000       0.4607
 133.000       0.4887
 134.000       0.3622
 135.000       0.3918
 136.000       0.3739
 137.000       0.3782
 138.000       0.4076
 139.000       0.3841
 140.000       0.4170
 141.000       0.5216
 142.000       0.5812
 143.000       0.5918
 144.000       0.5891
 145.000       1.0034
 146.000       1.3581
 147.000       0.7692
 148.000       0.8142
 149.000       0.6447
 150.000       0.6197
 151.000       0.4908
 152.000       0.5165
 153.000       0.5589
 154.000       0.6038
 155.000       0.5018
 156.000       0.5538
 157.000       0.5641
 158.000       0.6437
 159.000       0.6228
 160.000       0.5485
 161.000       0.5937
 162.000       0.4039
 163.000       0.4257
 164.000       0.3350
 165.000       0.3628
 166.000       0.3347
 167.000       0.3577
 168.000       0.3691
 169.000       0.3807
 170.000       0.4733
 171.000       0.6066
 172.000       0.8241
 173.000       0.8339
 174.000       1.1280
 175.000       0.7782
 176.000       0.5161
 177.000       0.3841
 178.000       0.3176
 179.000       0.3220
 180.000       0.3240
 181.000       0.3422
 182.000       0.3674
 183.000       0.4027
 184.000       0.4966
 185.000       0.5713
 186.000       0.6543
 187.000       0.7579
 188.000       0.6106
 189.000       0.5090
 190.000       0.4892
 191.000       0.6094
 192.000       0.4671
 193.000       0.3816
 194.000       0.3716
 195.000       0.3731
 196.000       0.4127
 197.000       0.3895
 198.000       0.4126
 199.000       0.5389
 200.000       0.5277
 201.000       0.4514
 202.000       0.4095
 203.000       0.4154
 204.000       0.4448
 205.000       0.4444
 206.000       0.5213
 207.000       0.5169
 208.000       0.4745
 209.000       0.4435
 210.000       0.4043
 211.000       0.3636
 212.000       0.3944
 213.000       0.5384
 214.000       0.6957
 215.000       1.7358
