#Res        AtomicFlx
   1.000       1.3816
   2.000       0.8650
   3.000       0.7017
   4.000       0.5912
   5.000       0.4918
   6.000       0.4625
   7.000       0.4338
   8.000       0.5590
   9.000       0.7462
  10.000       0.7756
  11.000       0.7907
  12.000       0.5950
  13.000       0.5957
  14.000       0.6421
  15.000       0.6854
  16.000       0.6925
  17.000       0.7569
  18.000       0.7421
  19.000       0.5057
  20.000       0.5928
  21.000       0.8336
  22.000       0.5429
  23.000       0.6002
  24.000       0.4591
  25.000       0.3954
  26.000       0.4214
  27.000       0.3878
  28.000       0.3862
  29.000       0.3781
  30.000       0.3623
  31.000       0.3669
  32.000       0.4091
  33.000       0.3477
  34.000       0.3647
  35.000       0.4067
  36.000       0.4401
  37.000       0.4330
  38.000       0.4557
  39.000       0.5192
  40.000       0.5532
  41.000       0.6507
  42.000       0.7415
  43.000       0.8142
  44.000       1.0649
  45.000       0.9499
  46.000       0.7803
  47.000       0.6509
  48.000       0.4341
  49.000       0.4143
  50.000       0.4174
  51.000       0.4108
  52.000       0.4945
  53.000       0.4727
  54.000       0.5131
  55.000       0.5465
  56.000       0.9696
  57.000       1.8312
  58.000       2.0639
  59.000       2.3193
  60.000       1.7550
  61.000       1.4844
  62.000       1.4244
  63.000       0.8609
  64.000       1.1961
  65.000       1.8283
  66.000       1.0194
  67.000       0.8788
  68.000       0.5364
  69.000       0.5834
  70.000       0.6306
  71.000       0.5549
  72.000       0.4713
  73.000       0.5484
  74.000       0.5784
  75.000       0.4886
  76.000       0.6170
  77.000       0.7746
  78.000       0.7821
  79.000       0.6881
  80.000       0.7420
  81.000       0.5572
  82.000       0.4852
  83.000       0.4148
  84.000       0.4108
  85.000       0.4925
  86.000       0.6164
  87.000       0.7751
  88.000       0.6400
  89.000       0.5478
  90.000       0.6739
  91.000       0.5575
  92.000       0.7070
  93.000       0.5726
  94.000       0.7790
  95.000       1.6703
  96.000       2.6596
  97.000       1.7365
  98.000       1.3179
  99.000       1.2603
 100.000       1.1617
 101.000       1.0943
 102.000       1.5666
 103.000       1.5861
 104.000       1.7609
 105.000       1.4667
 106.000       0.7471
 107.000       0.6078
 108.000       0.5138
 109.000       0.5461
 110.000       0.4929
 111.000       0.5143
 112.000       0.5026
 113.000       0.7339
 114.000       0.6341
 115.000       0.4899
 116.000       0.5767
 117.000       0.6337
 118.000       0.5423
 119.000       0.6463
 120.000       0.6308
 121.000       0.5494
 122.000       0.4576
 123.000       0.5621
 124.000       0.5402
 125.000       0.4294
 126.000       0.4463
 127.000       0.5110
 128.000       0.4622
 129.000       0.4398
 130.000       0.5002
 131.000       0.6440
 132.000       0.4893
 133.000       0.4967
 134.000       0.3646
 135.000       0.3980
 136.000       0.3616
 137.000       0.3690
 138.000       0.4021
 139.000       0.3604
 140.000       0.4070
 141.000       0.4963
 142.000       0.6644
 143.000       0.8006
 144.000       0.5941
 145.000       0.9565
 146.000       1.1913
 147.000       0.6952
 148.000       0.7170
 149.000       0.6189
 150.000       0.6334
 151.000       0.4974
 152.000       0.5159
 153.000       0.5690
 154.000       0.6224
 155.000       0.5001
 156.000       0.6763
 157.000       0.7351
 158.000       0.8672
 159.000       0.7347
 160.000       0.5390
 161.000       0.6575
 162.000       0.4037
 163.000       0.4256
 164.000       0.3344
 165.000       0.3760
 166.000       0.3454
 167.000       0.3730
 168.000       0.3777
 169.000       0.3850
 170.000       0.4834
 171.000       0.6044
 172.000       0.8235
 173.000       0.8354
 174.000       1.1252
 175.000       0.7608
 176.000       0.5071
 177.000       0.3726
 178.000       0.3120
 179.000       0.3298
 180.000       0.3260
 181.000       0.3581
 182.000       0.3880
 183.000       0.4504
 184.000       0.5518
 185.000       1.3306
 186.000       0.9459
 187.000       0.9850
 188.000       0.7122
 189.000       0.5203
 190.000       0.5050
 191.000       0.7121
 192.000       0.5392
 193.000       0.4076
 194.000       0.3735
 195.000       0.3807
 196.000       0.3956
 197.000       0.3777
 198.000       0.3992
 199.000       0.5255
 200.000       0.5205
 201.000       0.4399
 202.000       0.3968
 203.000       0.3875
 204.000       0.4173
 205.000       0.4230
 206.000       0.5380
 207.000       0.5008
 208.000       0.4746
 209.000       0.4524
 210.000       0.4336
 211.000       0.3996
 212.000       0.4257
 213.000       0.5592
 214.000       0.7130
 215.000       1.8807
