#Res        AtomicFlx
   1.000       1.4783
   2.000       0.9094
   3.000       0.6759
   4.000       0.5683
   5.000       0.4723
   6.000       0.4421
   7.000       0.4134
   8.000       0.5399
   9.000       0.7245
  10.000       0.7333
  11.000       0.7502
  12.000       0.5437
  13.000       0.5336
  14.000       0.5316
  15.000       0.6138
  16.000       0.5311
  17.000       0.5539
  18.000       0.5416
  19.000       0.4810
  20.000       0.5709
  21.000       0.8083
  22.000       0.5911
  23.000       0.7353
  24.000       0.4789
  25.000       0.4313
  26.000       0.4476
  27.000       0.3922
  28.000       0.3974
  29.000       0.4010
  30.000       0.3644
  31.000       0.3729
  32.000       0.4103
  33.000       0.3353
  34.000       0.3412
  35.000       0.3846
  36.000       0.4186
  37.000       0.4050
  38.000       0.4187
  39.000       0.4875
  40.000       0.5326
  41.000       0.6244
  42.000       0.7113
  43.000       0.8086
  44.000       1.0705
  45.000       0.9743
  46.000       0.7673
  47.000       0.6131
  48.000       0.4274
  49.000       0.4183
  50.000       0.4391
  51.000       0.4136
  52.000       0.4755
  53.000       0.4711
  54.000       0.5378
  55.000       0.5344
  56.000       0.9045
  57.000       1.4846
  58.000       1.8221
  59.000       2.4076
  60.000       2.5114
  61.000       2.3094
  62.000       1.7288
  63.000       0.8482
  64.000       1.0818
  65.000       1.0618
  66.000       0.7937
  67.000       0.6671
  68.000       0.4525
  69.000       0.5152
  70.000       0.5475
  71.000       0.4858
  72.000       0.4110
  73.000       0.4843
  74.000       0.5114
  75.000       0.4310
  76.000       0.5516
  77.000       0.7062
  78.000       0.7017
  79.000       0.6311
  80.000       0.6765
  81.000       0.5002
  82.000       0.4492
  83.000       0.3980
  84.000       0.4219
  85.000       0.5142
  86.000       0.6214
  87.000       0.7890
  88.000       0.6656
  89.000       0.5455
  90.000       0.6167
  91.000       0.5090
  92.000       0.6133
  93.000       0.5518
  94.000       0.7614
  95.000       1.3563
  96.000       2.1925
  97.000       1.4774
  98.000       1.0568
  99.000       1.0335
 100.000       0.9206
 101.000       0.9148
 102.000       1.2311
 103.000       1.6389
 104.000       1.8348
 105.000       1.4132
 106.000       0.7495
 107.000       0.6177
 108.000       0.5052
 109.000       0.5275
 110.000       0.4484
 111.000       0.4516
 112.000       0.4704
 113.000       0.6842
 114.000       0.5744
 115.000       0.4315
 116.000       0.4684
 117.000       0.5032
 118.000       0.4912
 119.000       0.6170
 120.000       0.5816
 121.000       0.5131
 122.000       0.4445
 123.000       0.5384
 124.000       0.5147
 125.000       0.4143
 126.000       0.4326
 127.000       0.4825
 128.000       0.4310
 129.000       0.4214
 130.000       0.4781
 131.000       0.6242
 132.000       0.4646
 133.000       0.4793
 134.000       0.3441
 135.000       0.3780
 136.000       0.3375
 137.000       0.3452
 138.000       0.3946
 139.000       0.3664
 140.000       0.3903
 141.000       0.5113
 142.000       0.6046
 143.000       0.6774
 144.000       0.5949
 145.000       1.0146
 146.000       1.3169
 147.000       0.7393
 148.000       0.7656
 149.000       0.6258
 150.000       0.6266
 151.000       0.4930
 152.000       0.5220
 153.000       0.5917
 154.000       0.6307
 155.000       0.5119
 156.000       0.6155
 157.000       0.6434
 158.000       0.6797
 159.000       0.5727
 160.000       0.4823
 161.000       0.5600
 162.000       0.3810
 163.000       0.3968
 164.000       0.3250
 165.000       0.3590
 166.000       0.3345
 167.000       0.3585
 168.000       0.3689
 169.000       0.3801
 170.000       0.4752
 171.000       0.5986
 172.000       0.8193
 173.000       0.8345
 174.000       1.1318
 175.000       0.7639
 176.000       0.5037
 177.000       0.3709
 178.000       0.3102
 179.000       0.3205
 180.000       0.3204
 181.000       0.3354
 182.000       0.3556
 183.000       0.3979
 184.000       0.5147
 185.000       0.6263
 186.000       0.7247
 187.000       0.8803
 188.000       0.6347
 189.000       0.5163
 190.000       0.4986
 191.000       0.6725
 192.000       0.4833
 193.000       0.3817
 194.000       0.3634
 195.000       0.3720
 196.000       0.4156
 197.000       0.3815
 198.000       0.4003
 199.000       0.5224
 200.000       0.5666
 201.000       0.4879
 202.000       0.4060
 203.000       0.4068
 204.000       0.4282
 205.000       0.4503
 206.000       0.4967
 207.000       0.4624
 208.000       0.4188
 209.000       0.3904
 210.000       0.3661
 211.000       0.3511
 212.000       0.3881
 213.000       0.5366
 214.000       0.6819
 215.000       1.6287
