#Res        AtomicFlx
   1.000       1.9897
   2.000       1.2037
   3.000       0.7202
   4.000       0.5963
   5.000       0.4914
   6.000       0.4687
   7.000       0.4499
   8.000       0.5845
   9.000       0.7696
  10.000       0.7809
  11.000       0.7921
  12.000       0.6021
  13.000       0.5771
  14.000       0.8079
  15.000       0.8397
  16.000       0.6166
  17.000       0.8560
  18.000       0.8863
  19.000       0.7275
  20.000       0.7360
  21.000       0.8868
  22.000       0.6923
  23.000       0.7538
  24.000       0.7207
  25.000       0.4970
  26.000       0.4828
  27.000       0.4389
  28.000       0.4434
  29.000       0.4466
  30.000       0.3952
  31.000       0.4054
  32.000       0.4466
  33.000       0.3587
  34.000       0.3702
  35.000       0.4443
  36.000       0.4662
  37.000       0.4392
  38.000       0.4573
  39.000       0.5340
  40.000       0.5778
  41.000       0.6519
  42.000       0.7323
  43.000       0.8826
  44.000       1.2594
  45.000       1.1832
  46.000       0.8698
  47.000       0.6966
  48.000       0.4581
  49.000       0.4559
  50.000       0.4531
  51.000       0.4338
  52.000       0.4641
  53.000       0.4894
  54.000       0.5470
  55.000       0.5661
  56.000       0.9744
  57.000       1.5821
  58.000       1.6616
  59.000       2.4160
  60.000       2.7927
  61.000       2.4610
  62.000       1.5615
  63.000       0.8208
  64.000       0.9164
  65.000       1.2290
  66.000       1.0312
  67.000       0.8409
  68.000       0.5355
  69.000       0.6054
  70.000       0.6448
  71.000       0.5312
  72.000       0.4497
  73.000       0.5221
  74.000       0.5378
  75.000       0.4623
  76.000       0.5757
  77.000       0.7350
  78.000       0.7405
  79.000       0.6793
  80.000       0.7273
  81.000       0.5270
  82.000       0.4708
  83.000       0.3962
  84.000       0.4178
  85.000       0.5278
  86.000       0.6661
  87.000       0.8203
  88.000       0.6832
  89.000       0.5947
  90.000       0.7431
  91.000       0.6416
  92.000       0.7104
  93.000       0.6248
  94.000       0.8859
  95.000       1.5579
  96.000       2.6806
  97.000       1.9233
  98.000       1.3434
  99.000       1.2250
 100.000       1.0388
 101.000       1.0071
 102.000       1.6188
 103.000       2.8977
 104.000       2.4241
 105.000       1.8395
 106.000       0.7900
 107.000       0.6270
 108.000       0.5083
 109.000       0.5311
 110.000       0.4610
 111.000       0.4656
 112.000       0.4791
 113.000       0.7222
 114.000       0.6069
 115.000       0.4636
 116.000       0.5388
 117.000       0.6325
 118.000       0.5347
 119.000       0.6451
 120.000       0.5996
 121.000       0.5232
 122.000       0.4488
 123.000       0.5523
 124.000       0.5318
 125.000       0.4231
 126.000       0.4432
 127.000       0.5063
 128.000       0.4571
 129.000       0.4347
 130.000       0.4931
 131.000       0.6398
 132.000       0.4809
 133.000       0.4964
 134.000       0.3691
 135.000       0.4038
 136.000       0.3846
 137.000       0.4047
 138.000       0.4409
 139.000       0.4102
 140.000       0.4485
 141.000       0.5445
 142.000       0.6629
 143.000       0.7619
 144.000       0.6668
 145.000       1.0796
 146.000       1.3562
 147.000       0.7706
 148.000       0.8124
 149.000       0.6593
 150.000       0.6462
 151.000       0.5161
 152.000       0.5406
 153.000       0.6286
 154.000       0.6219
 155.000       0.5266
 156.000       0.6262
 157.000       0.6383
 158.000       0.7588
 159.000       0.6632
 160.000       0.6145
 161.000       0.7372
 162.000       0.4733
 163.000       0.4823
 164.000       0.3729
 165.000       0.3738
 166.000       0.3440
 167.000       0.3754
 168.000       0.3806
 169.000       0.3889
 170.000       0.4883
 171.000       0.6109
 172.000       0.8311
 173.000       0.8402
 174.000       1.1313
 175.000       0.7750
 176.000       0.5163
 177.000       0.3779
 178.000       0.3184
 179.000       0.3406
 180.000       0.3479
 181.000       0.3773
 182.000       0.4461
 183.000       0.5702
 184.000       0.9159
 185.000       1.0456
 186.000       0.9604
 187.000       0.8825
 188.000       0.6691
 189.000       0.5439
 190.000       0.5567
 191.000       0.7601
 192.000       0.5826
 193.000       0.4172
 194.000       0.3871
 195.000       0.3706
 196.000       0.4023
 197.000       0.3828
 198.000       0.3994
 199.000       0.5253
 200.000       0.5211
 201.000       0.4460
 202.000       0.4155
 203.000       0.4211
 204.000       0.4496
 205.000       0.4302
 206.000       0.5203
 207.000       0.5101
 208.000       0.4786
 209.000       0.4389
 210.000       0.4093
 211.000       0.3903
 212.000       0.4170
 213.000       0.5416
 214.000       0.7078
 215.000       1.9031
