#Res        AtomicFlx
   1.000       2.1594
   2.000       1.4006
   3.000       0.6991
   4.000       0.5742
   5.000       0.4655
   6.000       0.4347
   7.000       0.4157
   8.000       0.5215
   9.000       0.6971
  10.000       0.7289
  11.000       0.7458
  12.000       0.5516
  13.000       0.5179
  14.000       0.5577
  15.000       0.6235
  16.000       0.4845
  17.000       0.5408
  18.000       0.6071
  19.000       0.5378
  20.000       0.5951
  21.000       0.8410
  22.000       0.5926
  23.000       0.6569
  24.000       0.4683
  25.000       0.4294
  26.000       0.4407
  27.000       0.4165
  28.000       0.4238
  29.000       0.4387
  30.000       0.3871
  31.000       0.3915
  32.000       0.4238
  33.000       0.3407
  34.000       0.3497
  35.000       0.4067
  36.000       0.4285
  37.000       0.4103
  38.000       0.4287
  39.000       0.5023
  40.000       0.5456
  41.000       0.6255
  42.000       0.7026
  43.000       0.8332
  44.000       1.1402
  45.000       1.0444
  46.000       0.8164
  47.000       0.6336
  48.000       0.4232
  49.000       0.4104
  50.000       0.4372
  51.000       0.4047
  52.000       0.4628
  53.000       0.4935
  54.000       0.4930
  55.000       0.5284
  56.000       0.7834
  57.000       1.1002
  58.000       2.0275
  59.000       2.1026
  60.000       2.0130
  61.000       2.3298
  62.000       2.1259
  63.000       0.9420
  64.000       0.8605
  65.000       0.7999
  66.000       0.7340
  67.000       0.6652
  68.000       0.5053
  69.000       0.5950
  70.000       0.5892
  71.000       0.4977
  72.000       0.4293
  73.000       0.5028
  74.000       0.5333
  75.000       0.4584
  76.000       0.5729
  77.000       0.7544
  78.000       0.7594
  79.000       0.6752
  80.000       0.6982
  81.000       0.5100
  82.000       0.4509
  83.000       0.3788
  84.000       0.4070
  85.000       0.5020
  86.000       0.6054
  87.000       0.7600
  88.000       0.6156
  89.000       0.5278
  90.000       0.6230
  91.000       0.5093
  92.000       0.6161
  93.000       0.5465
  94.000       0.7808
  95.000       1.6546
  96.000       2.8095
  97.000       1.8265
  98.000       1.0030
  99.000       1.0272
 100.000       0.8998
 101.000       0.9565
 102.000       1.6830
 103.000       2.0581
 104.000       1.7086
 105.000       1.5121
 106.000       0.6961
 107.000       0.6002
 108.000       0.4912
 109.000       0.5228
 110.000       0.4536
 111.000       0.4617
 112.000       0.4728
 113.000       0.7159
 114.000       0.6096
 115.000       0.4571
 116.000       0.4859
 117.000       0.5298
 118.000       0.5065
 119.000       0.6166
 120.000       0.6002
 121.000       0.5302
 122.000       0.4596
 123.000       0.5517
 124.000       0.5236
 125.000       0.4217
 126.000       0.4445
 127.000       0.4936
 128.000       0.4361
 129.000       0.4234
 130.000       0.4733
 131.000       0.6059
 132.000       0.4576
 133.000       0.4839
 134.000       0.3516
 135.000       0.3859
 136.000       0.3680
 137.000       0.3805
 138.000       0.4099
 139.000       0.3656
 140.000       0.3990
 141.000       0.5066
 142.000       0.5905
 143.000       0.6341
 144.000       0.5907
 145.000       1.0033
 146.000       1.3371
 147.000       0.7490
 148.000       0.7817
 149.000       0.6312
 150.000       0.6192
 151.000       0.4977
 152.000       0.5284
 153.000       0.7068
 154.000       0.6870
 155.000       0.5142
 156.000       0.5637
 157.000       0.5712
 158.000       0.6655
 159.000       0.6272
 160.000       0.5449
 161.000       0.6637
 162.000       0.3910
 163.000       0.4272
 164.000       0.3337
 165.000       0.3648
 166.000       0.3337
 167.000       0.3578
 168.000       0.3683
 169.000       0.3840
 170.000       0.4800
 171.000       0.6016
 172.000       0.8169
 173.000       0.8388
 174.000       1.1306
 175.000       0.7773
 176.000       0.5161
 177.000       0.3825
 178.000       0.3138
 179.000       0.3255
 180.000       0.3258
 181.000       0.3419
 182.000       0.3666
 183.000       0.3940
 184.000       0.4851
 185.000       0.5727
 186.000       0.6443
 187.000       0.7708
 188.000       0.6121
 189.000       0.5101
 190.000       0.4898
 191.000       0.6138
 192.000       0.4701
 193.000       0.3818
 194.000       0.3714
 195.000       0.3770
 196.000       0.4191
 197.000       0.3914
 198.000       0.4071
 199.000       0.5432
 200.000       0.5358
 201.000       0.4607
 202.000       0.4070
 203.000       0.4009
 204.000       0.4333
 205.000       0.4463
 206.000       0.5346
 207.000       0.5236
 208.000       0.5011
 209.000       0.4173
 210.000       0.3951
 211.000       0.3610
 212.000       0.4030
 213.000       0.5519
 214.000       0.6903
 215.000       1.7076
