#Res        AtomicFlx
   1.000       1.4142
   2.000       0.8913
   3.000       0.7049
   4.000       0.5796
   5.000       0.4870
   6.000       0.4603
   7.000       0.4500
   8.000       0.5683
   9.000       0.7511
  10.000       0.7550
  11.000       0.7731
  12.000       0.5930
  13.000       0.5948
  14.000       0.6815
  15.000       0.7522
  16.000       0.6135
  17.000       0.7793
  18.000       0.7666
  19.000       0.6096
  20.000       0.6473
  21.000       0.9010
  22.000       0.6092
  23.000       0.6853
  24.000       0.5180
  25.000       0.4686
  26.000       0.4819
  27.000       0.4201
  28.000       0.4419
  29.000       0.4684
  30.000       0.4121
  31.000       0.4060
  32.000       0.4467
  33.000       0.3628
  34.000       0.3707
  35.000       0.4391
  36.000       0.4666
  37.000       0.4431
  38.000       0.4588
  39.000       0.5361
  40.000       0.5684
  41.000       0.6501
  42.000       0.7404
  43.000       0.9081
  44.000       1.2958
  45.000       1.2291
  46.000       0.9475
  47.000       0.7345
  48.000       0.4721
  49.000       0.4373
  50.000       0.4329
  51.000       0.4212
  52.000       0.4335
  53.000       0.4487
  54.000       0.4852
  55.000       0.5343
  56.000       0.7573
  57.000       1.1268
  58.000       1.6177
  59.000       2.5462
  60.000       3.1632
  61.000       2.3724
  62.000       1.4431
  63.000       0.8167
  64.000       1.0856
  65.000       1.2213
  66.000       0.8879
  67.000       0.8448
  68.000       0.6596
  69.000       0.7962
  70.000       0.7629
  71.000       0.5889
  72.000       0.4989
  73.000       0.6057
  74.000       0.6175
  75.000       0.5084
  76.000       0.6298
  77.000       0.8090
  78.000       0.8094
  79.000       0.7071
  80.000       0.7506
  81.000       0.5628
  82.000       0.4934
  83.000       0.4103
  84.000       0.4462
  85.000       0.5602
  86.000       0.6466
  87.000       0.8020
  88.000       0.6795
  89.000       0.5869
  90.000       0.6563
  91.000       0.5318
  92.000       0.6402
  93.000       0.5736
  94.000       0.7718
  95.000       1.6208
  96.000       2.4499
  97.000       2.0362
  98.000       1.0690
  99.000       1.0228
 100.000       0.9646
 101.000       0.8478
 102.000       1.0161
 103.000       1.2478
 104.000       1.3745
 105.000       1.2302
 106.000       0.6939
 107.000       0.6232
 108.000       0.5279
 109.000       0.5720
 110.000       0.4977
 111.000       0.5047
 112.000       0.5932
 113.000       0.7836
 114.000       0.6979
 115.000       0.5083
 116.000       0.5639
 117.000       0.5916
 118.000       0.5693
 119.000       0.6919
 120.000       0.6534
 121.000       0.5722
 122.000       0.4869
 123.000       0.5976
 124.000       0.5769
 125.000       0.4572
 126.000       0.4742
 127.000       0.5429
 128.000       0.4820
 129.000       0.4479
 130.000       0.5117
 131.000       0.6349
 132.000       0.4982
 133.000       0.5140
 134.000       0.3797
 135.000       0.4155
 136.000       0.4069
 137.000       0.4221
 138.000       0.4762
 139.000       0.4255
 140.000       0.4616
 141.000       0.5426
 142.000       0.7244
 143.000       0.8125
 144.000       0.6135
 145.000       0.9815
 146.000       1.2798
 147.000       0.7362
 148.000       0.7738
 149.000       0.6377
 150.000       0.6337
 151.000       0.4983
 152.000       0.5145
 153.000       0.5899
 154.000       0.6589
 155.000       0.5372
 156.000       0.6771
 157.000       0.7132
 158.000       0.8495
 159.000       0.6816
 160.000       0.5776
 161.000       0.6613
 162.000       0.4642
 163.000       0.4783
 164.000       0.3714
 165.000       0.3869
 166.000       0.3558
 167.000       0.3938
 168.000       0.3835
 169.000       0.3887
 170.000       0.4842
 171.000       0.6156
 172.000       0.8372
 173.000       0.8413
 174.000       1.1342
 175.000       0.7656
 176.000       0.5086
 177.000       0.3707
 178.000       0.3143
 179.000       0.3377
 180.000       0.3392
 181.000       0.3773
 182.000       0.4192
 183.000       0.4677
 184.000       0.7436
 185.000       0.9624
 186.000       0.9591
 187.000       0.9343
 188.000       0.6892
 189.000       0.5467
 190.000       0.5268
 191.000       0.6742
 192.000       0.5500
 193.000       0.4217
 194.000       0.3875
 195.000       0.3697
 196.000       0.3859
 197.000       0.3763
 198.000       0.4050
 199.000       0.5452
 200.000       0.5380
 201.000       0.4830
 202.000       0.4514
 203.000       0.4387
 204.000       0.4567
 205.000       0.4464
 206.000       0.5291
 207.000       0.5422
 208.000       0.5432
 209.000       0.4782
 210.000       0.4502
 211.000       0.4190
 212.000       0.4304
 213.000       0.5771
 214.000       0.7721
 215.000       1.9530
