#Res        AtomicFlx
   1.000       1.8075
   2.000       0.9674
   3.000       0.7333
   4.000       0.6064
   5.000       0.4989
   6.000       0.4680
   7.000       0.4409
   8.000       0.5713
   9.000       0.7641
  10.000       0.7797
  11.000       0.7745
  12.000       0.5817
  13.000       0.5586
  14.000       0.5625
  15.000       0.6302
  16.000       0.5374
  17.000       0.6082
  18.000       0.5969
  19.000       0.5084
  20.000       0.5893
  21.000       0.8235
  22.000       0.5994
  23.000       0.6525
  24.000       0.4606
  25.000       0.4398
  26.000       0.4714
  27.000       0.4130
  28.000       0.4280
  29.000       0.4240
  30.000       0.3975
  31.000       0.4064
  32.000       0.4444
  33.000       0.3603
  34.000       0.3687
  35.000       0.4220
  36.000       0.4539
  37.000       0.4438
  38.000       0.4566
  39.000       0.5212
  40.000       0.5702
  41.000       0.6625
  42.000       0.7482
  43.000       0.8728
  44.000       1.2411
  45.000       1.2071
  46.000       0.8993
  47.000       0.6963
  48.000       0.4507
  49.000       0.4233
  50.000       0.4040
  51.000       0.4064
  52.000       0.4367
  53.000       0.4615
  54.000       0.4982
  55.000       0.5540
  56.000       0.8103
  57.000       1.3133
  58.000       1.4514
  59.000       2.4585
  60.000       3.1752
  61.000       3.1933
  62.000       1.3844
  63.000       0.7277
  64.000       1.3808
  65.000       1.3731
  66.000       1.0746
  67.000       0.8639
  68.000       0.5838
  69.000       0.7484
  70.000       0.7535
  71.000       0.5903
  72.000       0.4981
  73.000       0.6190
  74.000       0.6616
  75.000       0.5345
  76.000       0.6674
  77.000       0.9122
  78.000       0.8907
  79.000       0.7230
  80.000       0.7327
  81.000       0.5476
  82.000       0.4682
  83.000       0.3863
  84.000       0.4174
  85.000       0.5306
  86.000       0.6405
  87.000       0.8094
  88.000       0.6913
  89.000       0.5899
  90.000       0.6715
  91.000       0.5370
  92.000       0.6502
  93.000       0.5639
  94.000       0.7940
  95.000       1.5949
  96.000       2.5514
  97.000       1.5166
  98.000       1.0434
  99.000       1.0385
 100.000       0.9708
 101.000       0.8856
 102.000       1.1414
 103.000       1.4611
 104.000       1.6704
 105.000       1.4218
 106.000       0.7476
 107.000       0.6131
 108.000       0.5006
 109.000       0.5365
 110.000       0.4691
 111.000       0.4810
 112.000       0.5194
 113.000       0.7776
 114.000       0.6690
 115.000       0.5124
 116.000       0.5807
 117.000       0.6073
 118.000       0.5475
 119.000       0.6682
 120.000       0.6616
 121.000       0.5872
 122.000       0.4944
 123.000       0.5930
 124.000       0.5634
 125.000       0.4502
 126.000       0.4687
 127.000       0.5288
 128.000       0.4669
 129.000       0.4395
 130.000       0.5015
 131.000       0.6342
 132.000       0.4849
 133.000       0.5019
 134.000       0.3783
 135.000       0.3965
 136.000       0.3751
 137.000       0.3901
 138.000       0.4434
 139.000       0.4149
 140.000       0.4436
 141.000       0.5251
 142.000       0.6616
 143.000       0.7892
 144.000       0.6223
 145.000       1.0938
 146.000       1.3260
 147.000       0.7394
 148.000       0.7616
 149.000       0.6387
 150.000       0.6515
 151.000       0.5224
 152.000       0.5566
 153.000       0.6464
 154.000       0.6824
 155.000       0.5725
 156.000       0.6582
 157.000       0.7362
 158.000       0.8239
 159.000       0.7317
 160.000       0.5945
 161.000       0.7089
 162.000       0.4051
 163.000       0.4310
 164.000       0.3480
 165.000       0.3800
 166.000       0.3482
 167.000       0.3762
 168.000       0.3834
 169.000       0.4015
 170.000       0.5148
 171.000       0.6520
 172.000       0.8767
 173.000       0.8788
 174.000       1.1677
 175.000       0.7944
 176.000       0.5422
 177.000       0.3929
 178.000       0.3261
 179.000       0.3372
 180.000       0.3375
 181.000       0.3677
 182.000       0.3827
 183.000       0.4174
 184.000       0.5133
 185.000       0.7079
 186.000       0.7778
 187.000       0.9144
 188.000       0.6421
 189.000       0.5325
 190.000       0.5165
 191.000       0.7030
 192.000       0.5199
 193.000       0.3994
 194.000       0.3865
 195.000       0.3861
 196.000       0.4323
 197.000       0.4074
 198.000       0.4520
 199.000       0.6166
 200.000       0.6961
 201.000       0.6669
 202.000       0.4878
 203.000       0.4659
 204.000       0.4762
 205.000       0.4620
 206.000       0.5526
 207.000       0.5479
 208.000       0.5181
 209.000       0.4546
 210.000       0.4343
 211.000       0.4034
 212.000       0.4377
 213.000       0.5802
 214.000       0.7438
 215.000       1.8838
