#Res        AtomicFlx
   1.000       3.7199
   2.000       2.4675
   3.000       0.8901
   4.000       0.7165
   5.000       0.5710
   6.000       0.5568
   7.000       0.5481
   8.000       0.6988
   9.000       0.8787
  10.000       0.8502
  11.000       0.9845
  12.000       0.7570
  13.000       0.7987
  14.000       1.2512
  15.000       1.3882
  16.000       1.3874
  17.000       1.1391
  18.000       0.8176
  19.000       0.6737
  20.000       0.7771
  21.000       0.9128
  22.000       0.6331
  23.000       0.7022
  24.000       0.5396
  25.000       0.4576
  26.000       0.4469
  27.000       0.4068
  28.000       0.4438
  29.000       0.4647
  30.000       0.4050
  31.000       0.4137
  32.000       0.4861
  33.000       0.4061
  34.000       0.4017
  35.000       0.4795
  36.000       0.5686
  37.000       0.5403
  38.000       0.5713
  39.000       0.7121
  40.000       0.7647
  41.000       0.8454
  42.000       0.9939
  43.000       0.9001
  44.000       1.3650
  45.000       1.3271
  46.000       1.0601
  47.000       0.8466
  48.000       0.5060
  49.000       0.4511
  50.000       0.4556
  51.000       0.4611
  52.000       0.4403
  53.000       0.4166
  54.000       0.4715
  55.000       0.5703
  56.000       0.7276
  57.000       0.8922
  58.000       1.2955
  59.000       1.7120
  60.000       2.0840
  61.000       1.5427
  62.000       1.0829
  63.000       0.7391
  64.000       0.9755
  65.000       1.0477
  66.000       0.8122
  67.000       0.7315
  68.000       0.5235
  69.000       0.6863
  70.000       0.6885
  71.000       0.5375
  72.000       0.4698
  73.000       0.5611
  74.000       0.5549
  75.000       0.4569
  76.000       0.5981
  77.000       0.7588
  78.000       0.7504
  79.000       0.6627
  80.000       0.7068
  81.000       0.5395
  82.000       0.4837
  83.000       0.4013
  84.000       0.4267
  85.000       0.5897
  86.000       0.7708
  87.000       0.9378
  88.000       0.7846
  89.000       0.6808
  90.000       0.8391
  91.000       0.6799
  92.000       0.7717
  93.000       0.6052
  94.000       0.7942
  95.000       1.1614
  96.000       1.4684
  97.000       1.1039
  98.000       0.7773
  99.000       0.8911
 100.000       0.9696
 101.000       0.9032
 102.000       1.1465
 103.000       1.3612
 104.000       1.5875
 105.000       1.4534
 106.000       0.7942
 107.000       0.6314
 108.000       0.5179
 109.000       0.5900
 110.000       0.5324
 111.000       0.5324
 112.000       0.5348
 113.000       0.7952
 114.000       0.6840
 115.000       0.5253
 116.000       0.5736
 117.000       0.6015
 118.000       0.5671
 119.000       0.7401
 120.000       0.7177
 121.000       0.6223
 122.000       0.5130
 123.000       0.6447
 124.000       0.6204
 125.000       0.4701
 126.000       0.4948
 127.000       0.5772
 128.000       0.4741
 129.000       0.4451
 130.000       0.5329
 131.000       0.6500
 132.000       0.4997
 133.000       0.5429
 134.000       0.4159
 135.000       0.4420
 136.000       0.4136
 137.000       0.4362
 138.000       0.5151
 139.000       0.4387
 140.000       0.5094
 141.000       0.6130
 142.000       0.8726
 143.000       0.9657
 144.000       0.6595
 145.000       0.9888
 146.000       1.2336
 147.000       0.7697
 148.000       0.8313
 149.000       0.7518
 150.000       0.7765
 151.000       0.6171
 152.000       0.6059
 153.000       1.0233
 154.000       1.0611
 155.000       0.6257
 156.000       0.8356
 157.000       0.8844
 158.000       0.9997
 159.000       0.8099
 160.000       0.6909
 161.000       0.7948
 162.000       0.5497
 163.000       0.5373
 164.000       0.4393
 165.000       0.4404
 166.000       0.3782
 167.000       0.4328
 168.000       0.4255
 169.000       0.4502
 170.000       0.5869
 171.000       0.7251
 172.000       0.9689
 173.000       0.9465
 174.000       1.2001
 175.000       0.8108
 176.000       0.5714
 177.000       0.4188
 178.000       0.3438
 179.000       0.3784
 180.000       0.3773
 181.000       0.4897
 182.000       0.5312
 183.000       0.5944
 184.000       0.8814
 185.000       1.0149
 186.000       1.0180
 187.000       1.0061
 188.000       0.7740
 189.000       0.6465
 190.000       0.6857
 191.000       0.8567
 192.000       0.6876
 193.000       0.5382
 194.000       0.4380
 195.000       0.4176
 196.000       0.4326
 197.000       0.4100
 198.000       0.4425
 199.000       0.5850
 200.000       0.6323
 201.000       0.6232
 202.000       0.4754
 203.000       0.4751
 204.000       0.5313
 205.000       0.4941
 206.000       0.5765
 207.000       0.5792
 208.000       0.5676
 209.000       0.4913
 210.000       0.4585
 211.000       0.4276
 212.000       0.4603
 213.000       0.6151
 214.000       0.7768
 215.000       1.7270
