#Res        AtomicFlx
   1.000       1.3933
   2.000       0.8728
   3.000       0.7128
   4.000       0.5858
   5.000       0.4836
   6.000       0.4633
   7.000       0.4367
   8.000       0.5827
   9.000       0.7924
  10.000       0.8086
  11.000       0.7858
  12.000       0.5740
  13.000       0.5804
  14.000       0.5802
  15.000       0.6095
  16.000       0.5107
  17.000       0.5355
  18.000       0.5552
  19.000       0.4939
  20.000       0.5674
  21.000       0.7978
  22.000       0.5633
  23.000       0.6230
  24.000       0.4479
  25.000       0.4207
  26.000       0.4261
  27.000       0.3880
  28.000       0.4021
  29.000       0.4442
  30.000       0.3894
  31.000       0.3978
  32.000       0.4384
  33.000       0.3476
  34.000       0.3588
  35.000       0.4093
  36.000       0.4463
  37.000       0.4247
  38.000       0.4421
  39.000       0.5184
  40.000       0.5583
  41.000       0.6412
  42.000       0.7232
  43.000       0.8474
  44.000       1.1958
  45.000       1.1203
  46.000       0.8424
  47.000       0.6442
  48.000       0.4261
  49.000       0.4068
  50.000       0.3980
  51.000       0.3881
  52.000       0.4364
  53.000       0.4508
  54.000       0.4665
  55.000       0.5094
  56.000       0.6588
  57.000       1.1807
  58.000       1.2760
  59.000       1.7565
  60.000       2.1310
  61.000       1.4642
  62.000       0.7252
  63.000       0.6024
  64.000       1.0851
  65.000       1.4310
  66.000       0.8945
  67.000       0.8193
  68.000       0.5107
  69.000       0.5860
  70.000       0.6096
  71.000       0.5397
  72.000       0.4774
  73.000       0.5345
  74.000       0.5509
  75.000       0.4955
  76.000       0.6162
  77.000       0.7526
  78.000       0.7508
  79.000       0.7017
  80.000       0.7637
  81.000       0.5588
  82.000       0.4749
  83.000       0.3769
  84.000       0.4016
  85.000       0.4938
  86.000       0.5958
  87.000       0.7451
  88.000       0.6202
  89.000       0.5360
  90.000       0.6116
  91.000       0.5045
  92.000       0.6125
  93.000       0.5339
  94.000       0.7288
  95.000       1.2045
  96.000       1.9248
  97.000       1.3927
  98.000       1.1021
  99.000       1.0377
 100.000       0.9521
 101.000       0.7698
 102.000       1.1043
 103.000       1.4649
 104.000       1.6624
 105.000       1.3142
 106.000       0.6739
 107.000       0.5832
 108.000       0.4894
 109.000       0.5320
 110.000       0.4720
 111.000       0.4880
 112.000       0.6247
 113.000       0.7257
 114.000       0.6228
 115.000       0.4789
 116.000       0.5014
 117.000       0.5334
 118.000       0.5209
 119.000       0.6496
 120.000       0.6210
 121.000       0.5479
 122.000       0.4776
 123.000       0.5700
 124.000       0.5392
 125.000       0.4327
 126.000       0.4552
 127.000       0.5063
 128.000       0.4472
 129.000       0.4333
 130.000       0.4834
 131.000       0.6113
 132.000       0.4665
 133.000       0.5026
 134.000       0.3671
 135.000       0.3977
 136.000       0.3828
 137.000       0.3967
 138.000       0.4193
 139.000       0.3732
 140.000       0.4186
 141.000       0.6306
 142.000       0.6121
 143.000       0.7775
 144.000       0.5787
 145.000       0.9039
 146.000       1.1112
 147.000       0.6893
 148.000       0.7417
 149.000       0.6375
 150.000       0.6290
 151.000       0.4928
 152.000       0.5268
 153.000       0.5885
 154.000       0.6146
 155.000       0.4977
 156.000       0.5567
 157.000       0.5866
 158.000       0.6847
 159.000       0.6220
 160.000       0.5358
 161.000       0.5904
 162.000       0.4042
 163.000       0.4173
 164.000       0.3382
 165.000       0.3704
 166.000       0.3433
 167.000       0.3669
 168.000       0.3819
 169.000       0.3850
 170.000       0.4890
 171.000       0.6402
 172.000       0.8716
 173.000       0.8707
 174.000       1.1407
 175.000       0.7826
 176.000       0.5193
 177.000       0.3726
 178.000       0.3201
 179.000       0.3336
 180.000       0.3252
 181.000       0.3566
 182.000       0.3723
 183.000       0.4128
 184.000       0.5081
 185.000       0.6399
 186.000       0.6610
 187.000       0.8020
 188.000       0.5784
 189.000       0.5100
 190.000       0.5086
 191.000       0.6501
 192.000       0.4760
 193.000       0.3922
 194.000       0.3720
 195.000       0.3764
 196.000       0.4083
 197.000       0.3821
 198.000       0.4166
 199.000       0.5763
 200.000       0.5614
 201.000       0.5216
 202.000       0.4291
 203.000       0.4158
 204.000       0.4375
 205.000       0.4347
 206.000       0.5173
 207.000       0.5087
 208.000       0.4633
 209.000       0.4449
 210.000       0.3955
 211.000       0.3771
 212.000       0.4109
 213.000       0.5592
 214.000       0.8011
 215.000       1.7570
