#Res        AtomicFlx
   1.000       1.4227
   2.000       0.8772
   3.000       0.6981
   4.000       0.5832
   5.000       0.4841
   6.000       0.4541
   7.000       0.4276
   8.000       0.5490
   9.000       0.7342
  10.000       0.7418
  11.000       0.7637
  12.000       0.5535
  13.000       0.5486
  14.000       0.5601
  15.000       0.6390
  16.000       0.5368
  17.000       0.6221
  18.000       0.6034
  19.000       0.5090
  20.000       0.5928
  21.000       0.8084
  22.000       0.5704
  23.000       0.7129
  24.000       0.4646
  25.000       0.4350
  26.000       0.4532
  27.000       0.3972
  28.000       0.4051
  29.000       0.3972
  30.000       0.3699
  31.000       0.3744
  32.000       0.4212
  33.000       0.3430
  34.000       0.3475
  35.000       0.4100
  36.000       0.4456
  37.000       0.4285
  38.000       0.4395
  39.000       0.5203
  40.000       0.5732
  41.000       0.6537
  42.000       0.7418
  43.000       0.7780
  44.000       1.0831
  45.000       1.0306
  46.000       0.8164
  47.000       0.6413
  48.000       0.4312
  49.000       0.4160
  50.000       0.4285
  51.000       0.4221
  52.000       0.4659
  53.000       0.4447
  54.000       0.5170
  55.000       0.5373
  56.000       0.7717
  57.000       1.1323
  58.000       1.6568
  59.000       2.3211
  60.000       2.3828
  61.000       1.6302
  62.000       1.1872
  63.000       0.7903
  64.000       1.0783
  65.000       1.2261
  66.000       0.9056
  67.000       0.8149
  68.000       0.4870
  69.000       0.5677
  70.000       0.5788
  71.000       0.5102
  72.000       0.4305
  73.000       0.4999
  74.000       0.5328
  75.000       0.4513
  76.000       0.5656
  77.000       0.7281
  78.000       0.7221
  79.000       0.6355
  80.000       0.6855
  81.000       0.5081
  82.000       0.4496
  83.000       0.3714
  84.000       0.4010
  85.000       0.5142
  86.000       0.6294
  87.000       0.8142
  88.000       0.6520
  89.000       0.5676
  90.000       0.6632
  91.000       0.5291
  92.000       0.6259
  93.000       0.5601
  94.000       0.9156
  95.000       1.4819
  96.000       2.2306
  97.000       1.5560
  98.000       0.9264
  99.000       0.8926
 100.000       0.9260
 101.000       0.8522
 102.000       1.0592
 103.000       1.7063
 104.000       1.5181
 105.000       1.3470
 106.000       0.6862
 107.000       0.5803
 108.000       0.4860
 109.000       0.5229
 110.000       0.4515
 111.000       0.4580
 112.000       0.4686
 113.000       0.6804
 114.000       0.5696
 115.000       0.4315
 116.000       0.4539
 117.000       0.4940
 118.000       0.4948
 119.000       0.6259
 120.000       0.6010
 121.000       0.5340
 122.000       0.4572
 123.000       0.5572
 124.000       0.5241
 125.000       0.4154
 126.000       0.4442
 127.000       0.4991
 128.000       0.4308
 129.000       0.4249
 130.000       0.4890
 131.000       0.6297
 132.000       0.4614
 133.000       0.4873
 134.000       0.3505
 135.000       0.3594
 136.000       0.3432
 137.000       0.3715
 138.000       0.4125
 139.000       0.3667
 140.000       0.3995
 141.000       0.4835
 142.000       0.6702
 143.000       0.8462
 144.000       0.5991
 145.000       1.0201
 146.000       1.2120
 147.000       0.7044
 148.000       0.7331
 149.000       0.6295
 150.000       0.6411
 151.000       0.4961
 152.000       0.5270
 153.000       0.5749
 154.000       0.6180
 155.000       0.5114
 156.000       0.6368
 157.000       0.6853
 158.000       0.8001
 159.000       0.6287
 160.000       0.5342
 161.000       0.6624
 162.000       0.3987
 163.000       0.4171
 164.000       0.3307
 165.000       0.3616
 166.000       0.3316
 167.000       0.3655
 168.000       0.3776
 169.000       0.3859
 170.000       0.4917
 171.000       0.6179
 172.000       0.8446
 173.000       0.8573
 174.000       1.1420
 175.000       0.7794
 176.000       0.5164
 177.000       0.3775
 178.000       0.3154
 179.000       0.3309
 180.000       0.3223
 181.000       0.3409
 182.000       0.3619
 183.000       0.4153
 184.000       0.5106
 185.000       0.6714
 186.000       0.7104
 187.000       0.8380
 188.000       0.5945
 189.000       0.5140
 190.000       0.5089
 191.000       0.6563
 192.000       0.4746
 193.000       0.3868
 194.000       0.3571
 195.000       0.3628
 196.000       0.4056
 197.000       0.3774
 198.000       0.4069
 199.000       0.5478
 200.000       0.6063
 201.000       0.5668
 202.000       0.4308
 203.000       0.4010
 204.000       0.4242
 205.000       0.4278
 206.000       0.5023
 207.000       0.4862
 208.000       0.4442
 209.000       0.3960
 210.000       0.3622
 211.000       0.3468
 212.000       0.3904
 213.000       0.5303
 214.000       0.6878
 215.000       1.6066
