#Res        AtomicFlx
   1.000       1.9112
   2.000       1.1331
   3.000       0.8700
   4.000       0.6385
   5.000       0.4796
   6.000       0.4415
   7.000       0.4257
   8.000       0.5390
   9.000       0.7053
  10.000       0.7481
  11.000       0.7310
  12.000       0.5316
  13.000       0.5102
  14.000       0.5432
  15.000       0.6220
  16.000       0.5186
  17.000       0.5896
  18.000       0.5648
  19.000       0.4935
  20.000       0.6067
  21.000       0.8183
  22.000       0.5898
  23.000       0.7302
  24.000       0.4941
  25.000       0.4896
  26.000       0.4774
  27.000       0.4157
  28.000       0.4190
  29.000       0.3961
  30.000       0.3683
  31.000       0.3653
  32.000       0.4116
  33.000       0.3346
  34.000       0.3387
  35.000       0.3756
  36.000       0.4003
  37.000       0.3995
  38.000       0.4176
  39.000       0.4866
  40.000       0.5280
  41.000       0.6143
  42.000       0.7062
  43.000       0.7570
  44.000       1.0134
  45.000       0.9403
  46.000       0.7601
  47.000       0.6158
  48.000       0.4195
  49.000       0.4144
  50.000       0.4077
  51.000       0.3995
  52.000       0.4733
  53.000       0.4865
  54.000       0.5757
  55.000       0.5939
  56.000       0.9747
  57.000       1.5841
  58.000       1.7307
  59.000       2.1072
  60.000       2.3199
  61.000       1.8045
  62.000       1.5049
  63.000       0.7973
  64.000       0.9767
  65.000       0.8978
  66.000       0.6604
  67.000       0.6070
  68.000       0.4631
  69.000       0.5763
  70.000       0.5766
  71.000       0.4980
  72.000       0.4283
  73.000       0.5084
  74.000       0.5393
  75.000       0.4585
  76.000       0.5738
  77.000       0.7325
  78.000       0.7430
  79.000       0.6683
  80.000       0.7155
  81.000       0.5286
  82.000       0.4642
  83.000       0.3822
  84.000       0.3965
  85.000       0.4935
  86.000       0.6205
  87.000       0.7909
  88.000       0.6460
  89.000       0.5467
  90.000       0.6481
  91.000       0.5170
  92.000       0.6211
  93.000       0.5592
  94.000       0.9778
  95.000       1.4031
  96.000       1.7990
  97.000       1.3148
  98.000       0.8949
  99.000       0.8861
 100.000       0.9023
 101.000       0.8994
 102.000       1.0805
 103.000       1.5412
 104.000       1.6723
 105.000       1.4409
 106.000       0.7187
 107.000       0.5957
 108.000       0.4840
 109.000       0.5250
 110.000       0.4574
 111.000       0.4758
 112.000       0.5532
 113.000       0.7092
 114.000       0.6089
 115.000       0.4601
 116.000       0.5014
 117.000       0.5342
 118.000       0.5140
 119.000       0.6857
 120.000       0.6796
 121.000       0.6056
 122.000       0.4830
 123.000       0.6013
 124.000       0.5659
 125.000       0.4327
 126.000       0.4601
 127.000       0.5228
 128.000       0.4428
 129.000       0.4305
 130.000       0.4928
 131.000       0.6067
 132.000       0.4617
 133.000       0.4888
 134.000       0.3473
 135.000       0.3615
 136.000       0.3371
 137.000       0.3613
 138.000       0.4185
 139.000       0.4008
 140.000       0.4372
 141.000       0.5278
 142.000       0.7735
 143.000       0.8311
 144.000       0.6863
 145.000       1.0593
 146.000       1.2479
 147.000       0.7327
 148.000       0.7400
 149.000       0.6265
 150.000       0.6255
 151.000       0.4979
 152.000       0.5284
 153.000       0.6856
 154.000       0.9233
 155.000       0.7432
 156.000       0.8334
 157.000       0.7058
 158.000       0.8573
 159.000       0.6463
 160.000       0.5739
 161.000       0.5794
 162.000       0.3970
 163.000       0.4039
 164.000       0.3379
 165.000       0.3618
 166.000       0.3448
 167.000       0.3632
 168.000       0.3765
 169.000       0.3825
 170.000       0.5107
 171.000       0.9303
 172.000       1.3019
 173.000       1.0954
 174.000       1.2463
 175.000       0.8418
 176.000       0.5445
 177.000       0.3858
 178.000       0.3188
 179.000       0.3291
 180.000       0.3294
 181.000       0.3431
 182.000       0.3649
 183.000       0.4106
 184.000       0.5257
 185.000       0.5830
 186.000       0.6781
 187.000       0.8098
 188.000       0.6160
 189.000       0.5142
 190.000       0.4911
 191.000       0.6258
 192.000       0.4636
 193.000       0.3781
 194.000       0.3579
 195.000       0.3737
 196.000       0.3938
 197.000       0.4185
 198.000       0.4353
 199.000       0.6379
 200.000       0.7606
 201.000       0.7513
 202.000       0.5487
 203.000       0.4877
 204.000       0.5233
 205.000       0.5623
 206.000       0.6060
 207.000       0.6181
 208.000       0.5542
 209.000       0.4172
 210.000       0.3879
 211.000       0.3579
 212.000       0.3947
 213.000       0.5484
 214.000       0.7356
 215.000       1.7725
