#Res        AtomicFlx
   1.000       2.3184
   2.000       1.4774
   3.000       0.7078
   4.000       0.5825
   5.000       0.4760
   6.000       0.4418
   7.000       0.4232
   8.000       0.5208
   9.000       0.6957
  10.000       0.7371
  11.000       0.7442
  12.000       0.5654
  13.000       0.5215
  14.000       0.5557
  15.000       0.6149
  16.000       0.4956
  17.000       0.5555
  18.000       0.5737
  19.000       0.5125
  20.000       0.5834
  21.000       0.8078
  22.000       0.5940
  23.000       0.6807
  24.000       0.5023
  25.000       0.4523
  26.000       0.4589
  27.000       0.4094
  28.000       0.4410
  29.000       0.4713
  30.000       0.4011
  31.000       0.4048
  32.000       0.4383
  33.000       0.3484
  34.000       0.3546
  35.000       0.4080
  36.000       0.4354
  37.000       0.4195
  38.000       0.4393
  39.000       0.5165
  40.000       0.5504
  41.000       0.6363
  42.000       0.7210
  43.000       0.8716
  44.000       1.2468
  45.000       1.2001
  46.000       0.9000
  47.000       0.6940
  48.000       0.4544
  49.000       0.4292
  50.000       0.4283
  51.000       0.4161
  52.000       0.4402
  53.000       0.4406
  54.000       0.4910
  55.000       0.5107
  56.000       0.7795
  57.000       1.1438
  58.000       1.8393
  59.000       2.5292
  60.000       2.5250
  61.000       2.4325
  62.000       2.0085
  63.000       0.9429
  64.000       1.4458
  65.000       1.6557
  66.000       1.0704
  67.000       0.9140
  68.000       0.5318
  69.000       0.6139
  70.000       0.6514
  71.000       0.5569
  72.000       0.4630
  73.000       0.5455
  74.000       0.5807
  75.000       0.4881
  76.000       0.5981
  77.000       0.7615
  78.000       0.7687
  79.000       0.6876
  80.000       0.7316
  81.000       0.5383
  82.000       0.4761
  83.000       0.3955
  84.000       0.4274
  85.000       0.5338
  86.000       0.6305
  87.000       0.7741
  88.000       0.6507
  89.000       0.5523
  90.000       0.6278
  91.000       0.5205
  92.000       0.6242
  93.000       0.5704
  94.000       0.7849
  95.000       1.2828
  96.000       1.9288
  97.000       1.3373
  98.000       0.9752
  99.000       0.9797
 100.000       0.9287
 101.000       0.8505
 102.000       1.0349
 103.000       1.5459
 104.000       1.6046
 105.000       1.3395
 106.000       0.7043
 107.000       0.5971
 108.000       0.5102
 109.000       0.5488
 110.000       0.4757
 111.000       0.4767
 112.000       0.5391
 113.000       0.7333
 114.000       0.6099
 115.000       0.4688
 116.000       0.5086
 117.000       0.5792
 118.000       0.5106
 119.000       0.6376
 120.000       0.6115
 121.000       0.5272
 122.000       0.4522
 123.000       0.5523
 124.000       0.5260
 125.000       0.4191
 126.000       0.4440
 127.000       0.4951
 128.000       0.4375
 129.000       0.4276
 130.000       0.4813
 131.000       0.6120
 132.000       0.4666
 133.000       0.4903
 134.000       0.3581
 135.000       0.3969
 136.000       0.3744
 137.000       0.3761
 138.000       0.4196
 139.000       0.3763
 140.000       0.4090
 141.000       0.5190
 142.000       0.5954
 143.000       0.6047
 144.000       0.5939
 145.000       0.9905
 146.000       1.3339
 147.000       0.7629
 148.000       0.8174
 149.000       0.6516
 150.000       0.6395
 151.000       0.5121
 152.000       0.5465
 153.000       0.7307
 154.000       0.6529
 155.000       0.5155
 156.000       0.5679
 157.000       0.5588
 158.000       0.6360
 159.000       0.6005
 160.000       0.5054
 161.000       0.5743
 162.000       0.3950
 163.000       0.4154
 164.000       0.3365
 165.000       0.3659
 166.000       0.3422
 167.000       0.3661
 168.000       0.3750
 169.000       0.3892
 170.000       0.4847
 171.000       0.6024
 172.000       0.8179
 173.000       0.8357
 174.000       1.1241
 175.000       0.7761
 176.000       0.5174
 177.000       0.3835
 178.000       0.3194
 179.000       0.3313
 180.000       0.3326
 181.000       0.3568
 182.000       0.3807
 183.000       0.4170
 184.000       0.7365
 185.000       0.9936
 186.000       0.9215
 187.000       0.8877
 188.000       0.6830
 189.000       0.5381
 190.000       0.5125
 191.000       0.7179
 192.000       0.5371
 193.000       0.3968
 194.000       0.3839
 195.000       0.3848
 196.000       0.4190
 197.000       0.3898
 198.000       0.3999
 199.000       0.5213
 200.000       0.5089
 201.000       0.4341
 202.000       0.4050
 203.000       0.4035
 204.000       0.4146
 205.000       0.4187
 206.000       0.4944
 207.000       0.4736
 208.000       0.4549
 209.000       0.4319
 210.000       0.3892
 211.000       0.3673
 212.000       0.4077
 213.000       0.5599
 214.000       0.7291
 215.000       1.7943
