#Res        AtomicFlx
   1.000       1.8546
   2.000       1.2051
   3.000       0.6763
   4.000       0.5529
   5.000       0.4638
   6.000       0.4389
   7.000       0.4236
   8.000       0.5596
   9.000       0.7445
  10.000       0.7624
  11.000       0.7357
  12.000       0.5333
  13.000       0.5092
  14.000       0.4912
  15.000       0.5810
  16.000       0.5244
  17.000       0.5019
  18.000       0.5407
  19.000       0.4914
  20.000       0.5876
  21.000       0.8441
  22.000       0.5992
  23.000       0.6794
  24.000       0.4403
  25.000       0.4102
  26.000       0.4083
  27.000       0.3719
  28.000       0.3806
  29.000       0.3819
  30.000       0.3577
  31.000       0.3754
  32.000       0.4143
  33.000       0.3335
  34.000       0.3356
  35.000       0.3767
  36.000       0.4252
  37.000       0.4182
  38.000       0.4264
  39.000       0.4873
  40.000       0.5432
  41.000       0.6455
  42.000       0.7368
  43.000       0.7764
  44.000       0.9548
  45.000       0.8535
  46.000       0.6960
  47.000       0.5616
  48.000       0.3954
  49.000       0.3835
  50.000       0.3929
  51.000       0.3913
  52.000       0.4614
  53.000       0.4585
  54.000       0.4908
  55.000       0.5045
  56.000       0.6795
  57.000       1.0599
  58.000       1.8411
  59.000       1.7096
  60.000       1.2026
  61.000       1.7287
  62.000       1.0382
  63.000       0.6943
  64.000       0.9407
  65.000       0.8184
  66.000       0.5235
  67.000       0.5218
  68.000       0.4370
  69.000       0.5373
  70.000       0.5133
  71.000       0.4542
  72.000       0.4042
  73.000       0.4663
  74.000       0.4701
  75.000       0.4340
  76.000       0.5454
  77.000       0.6708
  78.000       0.6571
  79.000       0.6351
  80.000       0.7049
  81.000       0.5047
  82.000       0.4536
  83.000       0.3872
  84.000       0.4053
  85.000       0.4707
  86.000       0.5405
  87.000       0.7175
  88.000       0.5845
  89.000       0.5129
  90.000       0.5693
  91.000       0.4793
  92.000       0.5931
  93.000       0.5569
  94.000       0.7568
  95.000       1.2925
  96.000       1.9988
  97.000       1.3628
  98.000       0.9745
  99.000       0.9046
 100.000       0.9511
 101.000       0.7939
 102.000       1.1257
 103.000       2.2210
 104.000       1.6761
 105.000       1.9838
 106.000       0.7483
 107.000       0.6166
 108.000       0.5005
 109.000       0.5232
 110.000       0.4477
 111.000       0.4531
 112.000       0.4607
 113.000       0.6709
 114.000       0.5664
 115.000       0.4266
 116.000       0.4624
 117.000       0.5178
 118.000       0.4943
 119.000       0.6223
 120.000       0.5943
 121.000       0.5261
 122.000       0.4649
 123.000       0.5529
 124.000       0.5192
 125.000       0.4181
 126.000       0.4443
 127.000       0.4933
 128.000       0.4333
 129.000       0.4289
 130.000       0.4771
 131.000       0.6125
 132.000       0.4577
 133.000       0.4927
 134.000       0.3535
 135.000       0.3599
 136.000       0.3453
 137.000       0.3564
 138.000       0.3950
 139.000       0.3728
 140.000       0.3965
 141.000       0.5110
 142.000       0.5971
 143.000       0.6321
 144.000       0.6039
 145.000       1.0144
 146.000       1.3480
 147.000       0.7709
 148.000       0.8093
 149.000       0.6329
 150.000       0.6243
 151.000       0.4929
 152.000       0.5237
 153.000       0.7289
 154.000       0.7212
 155.000       0.5347
 156.000       0.5773
 157.000       0.5622
 158.000       0.6352
 159.000       0.5914
 160.000       0.5067
 161.000       0.5727
 162.000       0.3826
 163.000       0.3989
 164.000       0.3321
 165.000       0.3630
 166.000       0.3384
 167.000       0.3593
 168.000       0.3698
 169.000       0.3738
 170.000       0.4662
 171.000       0.5918
 172.000       0.8059
 173.000       0.8231
 174.000       1.1174
 175.000       0.7540
 176.000       0.5024
 177.000       0.3667
 178.000       0.3090
 179.000       0.3185
 180.000       0.3206
 181.000       0.3403
 182.000       0.3615
 183.000       0.4252
 184.000       0.5428
 185.000       0.6551
 186.000       0.7575
 187.000       0.8811
 188.000       0.6383
 189.000       0.5192
 190.000       0.5015
 191.000       0.6640
 192.000       0.4746
 193.000       0.3833
 194.000       0.3659
 195.000       0.3638
 196.000       0.4038
 197.000       0.3912
 198.000       0.4052
 199.000       0.5518
 200.000       0.5801
 201.000       0.5422
 202.000       0.4290
 203.000       0.4045
 204.000       0.4323
 205.000       0.4586
 206.000       0.5470
 207.000       0.5357
 208.000       0.4800
 209.000       0.4211
 210.000       0.3782
 211.000       0.3449
 212.000       0.3778
 213.000       0.5383
 214.000       0.7008
 215.000       1.5602
